ALE = 1
GRN = 0.33000000000000007
H2O = 10.45
DW = 0.5
HOP = 0.17000000000000004
DDT = 0.13
C = 0.33000000000000007
HCP = 1.0
H = 0.33000000000000007
CL = 0.33000000000000007
HAL = 3.0
AMM = 0.17000000000000004
