H = 155.71999999999997
H2O = 108.07747499999998
MGS = 17.884
FEO = 22.609999999999996
O = 54.098549999999996
TIO = 30.0
ALO = 33.52999999999999
HE = 5.04
LST = 4.25
MAG = 0.2
SCR = 0.051000000000000004
SIO = 22.512600000000006
CUO = 2.0374000000000003
AUO = 2.88
N = 17.0
HAL = 84.0
BRM = 50.0
